Max=7.184348999999999
Min=0.09419900000000003
