Max=8.181944000000001
Min=0.00785199999999997
