Max=7.27806
Min=0.10235399999999995
